7.68217582157415	2.15312607284274E-05	6.20335809155711	1.2673532281833E-05	5.87528093474622	1.65570854286624E-05	4.60231525893334	4.76476521193546E-06
6.44523528188569	3.52585081735806E-05	5.10795435601203	4.59164951135297E-05	5.3398391732644	4.59164951135294E-05	5.23401989606084	2.6396029693028E-05
6.51277207207671	3.52585081735806E-05	5.23340449243724	4.59164951135297E-05	5.7711576601989	4.59164951135294E-05	5.00855346333049	5.61560326869103E-05
6.58665578464639	3.52585081735806E-05	6.20656664468014	4.59164951135297E-05	5.95556655114248	4.59164951135294E-05	5.00855346333049	0.00074509616521
6.9336814666123	3.52585081735806E-05	6.28560963669012	4.59164951135297E-05	6.50698557187373	4.59164951135294E-05	5.00855346333049	0.00074509616521
6.95827254142396	3.52585081735806E-05	6.59682758982787	4.59164951135297E-05	5.64443911600626	9.74497594728338E-05	5.05210641925622	0.00074509616521
7.08857706653305	3.52585081735806E-05	6.71692812362461	4.59164951135297E-05	5.85020065220888	9.74497594728338E-05	5.75964823886896	0.00074509616521
7.308631520592	3.52585081735806E-05	7.54088111867938	4.59164951135297E-05	6.28151913914338	9.74497594728338E-05	5.75964823886896	0.00074509616521
7.33172317282127	3.52585081735806E-05	5.45352112430502	7.30261671221939E-05	7.29818352627553	0.00044176970916	6.0339122790902	0.0047729766865
7.33220692160992	3.52585081735806E-05	5.73965899313953	7.30261671221939E-05	7.98200662996035	0.00044176970916	6.0339122790902	0.00853081012513
7.372494318439	3.52585081735806E-05	5.86510912956475	7.30261671221939E-05	5.57569167340752	0.00117995255467	6.16588644326612	0.00853081012513
7.40622500691217	3.52585081735806E-05	6.18148636214279	7.30261671221939E-05	5.15746693491405	0.00155143239067	6.16588644326612	0.00853081012513
7.62835893974444	3.52585081735806E-05	6.35539326393155	7.30261671221939E-05	5.4436686221954	0.00155143239067	6.50318889994332	0.01024572775504
5.29478401774446	0.00010888229832	6.37692932394804	7.30261671221939E-05	5.57982391069243	0.00155143239067	5.0145710289499	0.01461186831687
5.60960274521384	0.00010888229832	6.60239575667838	7.30261671221939E-05	5.58605446044307	0.00155143239067	5.33604250133399	0.02857352726912
5.73505288163906	0.00010888229832	6.61280484907729	7.30261671221939E-05	5.71958585306759	0.00155143239067	4.53967097726802	0.04544869826371
5.84547827034309	0.00010888229832	6.65069099383945	7.30261671221939E-05	5.84094671007186	0.00155143239067	4.87601117952238	0.04544869826371
5.84547827034309	0.00010888229832	6.83827128180764	7.30261671221939E-05	6.28151913914338	0.00155143239067	4.6423251313281	0.04679370924516
5.97092840676831	0.00010888229832	6.879356139899	7.30261671221939E-05	6.32507209506911	0.00155143239067	5.82763748127375	0.04679370924516
5.9883189423041	0.00010888229832	7.04412333601179	7.30261671221939E-05	6.8181981417357	0.00155143239067	6.16588644326612	0.04679370924516
6.06268708613749	0.00010888229832	8.17258575580688	7.30261671221939E-05	6.91360811988874	0.00155143239067	6.16588644326612	0.04679370924516
6.10653386767955	0.00010888229832	6.61280484907729	9.65007268863144E-05	6.9485679847122	0.00155143239067	6.39135287599646	0.04679370924516
6.16457677421194	0.00010888229832	4.85844582793721	0.0001546124537	7.98200662996035	0.00155143239067	6.39135287599646	0.04679370924516
6.1650605230006	0.00010888229832	4.87711253727207	0.0001546124537	7.98200662996035	0.00155143239067		
6.24257014902983	0.00010888229832	5.0340448600612	0.0001546124537	5.77145148581523	0.00195801845384		
6.33717303995271	0.00010888229832	5.30853081387642	0.0001546124537	6.40315612294273	0.00195801845384		
6.48128988571279	0.00010888229832	5.4526476596365	0.0001546124537	6.59303091789746	0.00195801845384		
6.4863803371526	0.00010888229832	5.51419256040918	0.0001546124537	7.55068814302586	0.00216047091179		
6.49195388727889	0.00010888229832	5.51419256040918	0.0001546124537	6.17768969021238	0.00242124660927		
6.49195388727889	0.00010888229832	5.54402020101293	0.0001546124537	6.99926912229461	0.00242124660927		
6.53785235461405	0.00010888229832	5.56267810524163	0.0001546124537	5.09052468113605	0.00455613990918		
6.59132033131792	0.00010888229832	5.60468283201094	0.0001546124537	6.17768969021238	0.0052808642201		
6.63332505808723	0.00010888229832	5.6396426968344	0.0001546124537	5.0252144817415	0.00553898232544		
6.65840534062457	0.00010888229832	5.67112488319832	0.0001546124537	5.42325618795047	0.00553898232544		
6.70821503388195	0.00010888229832	6.61280484907729	0.0001546124537	5.42373993673912	0.00553898232544		
6.7264868001179	0.00010888229832	6.61280484907729	0.0001546124537	5.85505842367362	0.00553898232544		
6.78725802589193	0.00010888229832	6.91740479181915	0.0001546124537	6.26304646575499	0.00553898232544		
6.87427478615733	0.00010888229832	6.91740479181915	0.0001546124537	7.55068814302586	0.00661139021995		
6.9440905590112	0.00010888229832	7.12316632802177	0.0001546124537	7.7761545757562	0.00661139021995		
6.9440905590112	0.00010888229832	7.12316632802177	0.0001546124537	7.98200662996035	0.00661139021995		
7.00436705201646	0.00010888229832	7.94711932307653	0.0001546124537	7.98200662996035	0.00661139021995		
7.02313355102118	0.00010888229832	6.84082245831209	0.00027323723563	5.43145268613865	0.01176642629153		
7.02313355102118	0.00010888229832	7.12470277802437	0.00027323723563	5.82949439234762	0.01176642629153		
7.02492793585783	0.00010888229832	7.47252709543959	0.00027323723563	5.82997814113628	0.01176642629153		
7.09847597902968	0.00010888229832	8.61780176463459	0.00027323723563	6.26129662807077	0.01176642629153		
7.16451467483193	0.00010888229832	8.57984363071597	0.00028005899659	6.39278704345804	0.01176642629153		
7.16955699174155	0.00010888229832	5.6396426968344	0.00054286956498	6.66928467015214	0.01176642629153		
7.24365679536377	0.00010888229832	7.00306579422502	0.00054286956498	6.73302465334315	0.01176642629153		
7.29195203252483	0.00010888229832	7.24706066270924	0.00054286956498	6.73302465334315	0.01176642629153		
7.33435150415893	0.00010888229832	7.49245918564214	0.00054286956498	6.86686503934103	0.01176642629153		
7.34992138136481	0.00010888229832	7.75416056976349	0.00054286956498	6.86686503934103	0.01176642629153		
7.46066669296644	0.00010888229832	7.89869739003929	0.00054286956498	7.10060315708664	0.01176642629153		
7.558575312503	0.00010888229832	5.86656784500356	0.00140426809454	7.438852119079	0.01176642629153		
7.60094768936661	0.00010888229832	6.26460955121253	0.00140426809454	6.05544457386663	0.02067836928274		
7.84555547934912	0.00010888229832	6.26509330000118	0.00140426809454	6.48676306080112	0.02067836928274		
7.86979326564075	0.00010888229832	7.98580330189076	0.00140426809454	6.89475110288249	0.02067836928274		
7.88577052489018	0.00010888229832	9.14313628182639	0.00140426809454	6.89475110288249	0.02067836928274		
7.91325168670465	0.00010888229832	5.43524935806906	0.00184513709754	7.04032666408138	0.02067836928274		
7.9898937994375	0.00010888229832	5.51419256040918	0.00184513709754	7.23300006487485	0.02067836928274		
8.04252950788119	0.00010888229832	10.1859488774889	0.00286532238401	7.66431855180935	0.02067836928274		
8.24283356722558	0.00010888229832	5.1275198585461	0.00286532238401	5.82997814113628	0.03702621831916		
8.27840503301045	0.00010888229832	5.52217405055005	0.00286532238401	6.26129662807077	0.03702621831916		
8.621598436565	0.00010888229832	5.54902913785322	0.00286532238401	6.66928467015214	0.03702621831916		
9.0529169234995	0.00010888229832	5.73938286634444	0.00286532238401	7.32701609513215	0.03702621831916		
6.85147348628284	0.00011674229543	5.78759706368414	0.00286532238401	5.72760470427317	0.04554139614827		
8.17740209824923	0.00011674229543	6.2145654683835	0.00286532238401	6.26129662807077	0.04554139614827		
8.58364030264638	0.00011674229543	6.2900238796351	0.00286532238401	6.26129662807077	0.04554139614827		
8.84571047785129	0.00011674229543	6.43043261072694	0.00286532238401	10.4178336947413	0.06123809979596		
6.08133077048621	0.0001254090552	6.49942548221389	0.00286532238401	5.93913512207289	0.06420009682011		
5.20800330410707	0.00022997300938	6.61280484907729	0.00286532238401	5.93913512207289	0.06420009682011		
5.40394099868108	0.00022997300938	6.71663429800828	0.00286532238401	6.1746245092094	0.06420009682011		
5.87569204893959	0.00022997300938	6.75693799601938	0.00286532238401	6.37045360900739	0.06420009682011		
6.13141150375009	0.00022997300938	6.83856510742397	0.00286532238401	6.49717215320003	0.06420009682011		
6.15007821308495	0.00022997300938	6.92290909582473	0.00286532238401	6.49717215320003	0.06420009682011		
6.20756210950335	0.00022997300938	7.12787439658308	0.00286532238401	6.49717215320003	0.06420009682011		
6.35583974928757	0.00022997300938	7.45065536602527	0.00286532238401	6.72263858593038	0.06420009682011		
6.49482437082794	0.00022997300938	7.45399327640994	0.00286532238401	6.80177209594189	0.06420009682011		
6.58149648968931	0.00022997300938	7.87426110356024	0.00286532238401	6.80177209594189	0.06420009682011		
6.64880835342698	0.00022997300938	7.87426110356024	0.00286532238401	7.0075336321445	0.06420009682011		
6.66447844908494	0.00022997300938	8.04761086162285	0.00286532238401	5.98541394815622	0.0649929450073		
6.81698587682582	0.00022997300938	8.28049930795739	0.00286532238401	6.01967591688298	0.0649929450073		
6.85147348628284	0.00022997300938	8.28049930795739	0.00286532238401	6.17439118375784	0.0649929450073		
6.87764850782382	0.00022997300938	8.28049930795739	0.00286532238401	6.17439118375784	0.0649929450073		
6.99345472150011	0.00022997300938	8.50596574068774	0.00286532238401	6.28622720770469	0.0649929450073		
7.00177552248637	0.00022997300938	8.57984363071597	0.00286532238401	7.98200662996035	0.0649929450073		
7.00178090576215	0.00022997300938	6.27309987501704	0.00364279967205	7.98200662996035	0.0649929450073		
7.21589746981619	0.00022997300938	6.37846577395064	0.00364279967205				
7.23726490962288	0.00022997300938	6.5089754001463	0.00364279967205				
7.24869050175306	0.00022997300938	6.5089754001463	0.00364279967205				
7.4431223471028	0.00022997300938	6.77699122894827	0.00364279967205				
7.4948152709302	0.00022997300938	6.98459312083663	0.00364279967205				
7.55319992649339	0.00022997300938	7.23986012343336	0.00364279967205				
7.63895144690079	0.00022997300938	7.28815536059442	0.00364279967205				
7.69819023692198	0.00022997300938	7.33055483222852	0.00364279967205				
7.7562443351158	0.00022997300938	7.33055483222852	0.00364279967205				
7.75905198069754	0.00022997300938	7.36069107149273	0.00364279967205				
7.75905198069754	0.00022997300938	7.91985999772192	0.00364279967205				
7.90300732358353	0.00022997300938	6.99695400565381	0.00555187501642				
7.96481351690016	0.00022997300938	7.04397816951686	0.00555187501642				
5.81905470207081	0.00035889385844	7.20830971588277	0.00555187501642				
6.64063413415304	0.00035889385844	7.27985369464611	0.00555187501642				
7.88577052489018	0.00035889385844	7.2972442301819	0.00555187501642				
8.12950872385648	0.00035889385844	7.31096845244982	0.00555187501642				
8.58364030264638	0.00035889385844	7.39083132523378	0.00555187501642				
8.7073499569724	0.00035889385844	7.39909583508368	0.00555187501642				
9.37439880254123	0.00035889385844	7.40319221005096	0.00555187501642				
10.322085927382	0.00041556100244	7.45065536602527	0.00555187501642				
10.5279379815861	0.00041556100244	7.61629775796413	0.00555187501642				
9.41279639096681	0.00041556100244	7.62865864278131	0.00555187501642				
5.79499929235747	0.00057071064494	7.71720665684698	0.00555187501642				
6.26710035778065	0.00057071064494	7.79021517359059	0.00555187501642				
6.40686230015581	0.00057071064494	7.89869739003929	0.00555187501642				
6.62625731436527	0.00057071064494	7.94225034596503	0.00555187501642				
7.02429902057424	0.00057071064494	7.94267308957733	0.00555187501642				
7.02478276936289	0.00057071064494	7.96733062850237	0.00555187501642				
7.03337352340073	0.00057071064494	8.20145631594741	0.00555187501642				
7.13982734643278	0.00057071064494	8.39233533190424	0.00555187501642				
7.23238466125126	0.00057071064494	8.39412971674089	0.00555187501642				
7.38411373181965	0.00057071064494	8.41741561444159	0.00555187501642				
7.53786905264175	0.00057071064494	8.59903526562988	0.00555187501642				
7.5383528014304	0.00057071064494	8.59903526562988	0.00555187501642				
7.8814115829888	0.00057071064494	8.71181779489189	0.00555187501642				
8.29230255490366	0.00057071064494	8.76959198084425	0.00555187501642				
8.31389928887346	0.00057071064494	8.86718546716441	0.00555187501642				
8.5131162201163	0.00057071064494	9.04912025156909	0.00555187501642				
8.83725145062165	0.00057071064494	5.48208688407522	0.00602331572768				
8.83725145062165	0.00057071064494	5.63601985187993	0.00602331572768				
8.94908747456851	0.00057071064494	5.78101016230852	0.00602331572768				
9.0034003544831	0.00057071064494	5.82301488907782	0.00602331572768				
9.00936396757377	0.00057071064494	6.01577880787283	0.00602331572768				
9.11388198698589	0.00057071064494	6.06733833881442	0.00602331572768				
9.22751239576938	0.00057071064494	6.25910524720695	0.00602331572768				
7.2589860511643	0.00102755124682	6.27309987501704	0.00602331572768				
8.93871839508381	0.00102755124682	6.60003325220955	0.00602331572768				
10.3207315359379	0.00139512410407	7.47339646872421	0.00602331572768				
5.96421394864937	0.00139512410407	5.37477195791137	0.00731487146699				
6.39455714670125	0.00139512410407	5.41677668468067	0.00731487146699				
6.89261854154975	0.00139512410407	5.81481839088964	0.00731487146699				
7.06464354502172	0.00139512410407	5.8153021396783	0.00731487146699				
7.45610125629739	0.00139512410407	6.19379504781239	0.00731487146699				
7.51472853096094	0.00139512410407	6.5943321756889	0.00731487146699				
7.62008904661877	0.00139512410407	6.61003349369064	0.00731487146699				
7.63035835579852	0.00139512410407	7.04135198062513	0.00731487146699				
7.63862286564841	0.00139512410407	7.06715826432706	0.00731487146699				
7.6623923026128	0.00139512410407	7.44294261662574	0.00731487146699				
7.69819023692198	0.00139512410407	7.44294261662574	0.00731487146699				
7.86408929837876	0.00139512410407	7.66840904935609	0.00731487146699				
7.97687182764077	0.00139512410407	7.66840904935609	0.00731487146699				
7.99410757484395	0.00139512410407	7.87426110356024	0.00731487146699				
8.00197511257609	0.00139512410407	6.37697615109539	0.00872183396106				
8.01736713449523	0.00139512410407	6.6542838419593	0.00872183396106				
8.17220202110691	0.00139512410407	6.99062404421366	0.00872183396106				
8.22998309997321	0.00139512410407	7.46470204009665	0.00872183396106				
8.22998309997321	0.00139512410407	8.37399157651183	0.00872183396106				
8.3194898911018	0.00139512410407	8.57984363071597	0.00872183396106				
8.35020529786295	0.00139512410407	8.57984363071597	0.00872183396106				
8.47619838715187	0.00139512410407	8.57984363071597	0.00872183396106				
8.48397173469503	0.00139512410407	10.1120393815381	0.00986596390847				
8.58364030264638	0.00139512410407	10.7491194046752	0.00986596390847				
8.59070551522116	0.00139512410407	6.03444551720769	0.00986596390847				
8.70123816840119	0.00139512410407	6.03444551720769	0.00986596390847				
8.71509029543422	0.00139512410407	6.67152554034481	0.00986596390847				
8.76542486145503	0.00139512410407	6.67152554034481	0.00986596390847				
9.17166306585218	0.00139512410407	7.12787439658308	0.01024182457737				
9.3329428055287	0.00139512410407	6.1861944307041	0.0117418577627				
9.39712949858253	0.00139512410407	6.74482790028942	0.0117418577627				
9.39712949858253	0.00139512410407	7.01933687909077	0.0117418577627				
9.49113863592589	0.00139512410407	7.39083132523378	0.0117418577627				
5.5226973009009	0.00270500111871	7.51570619478923	0.0117418577627				
5.78480683423893	0.00270500111871	7.56640733237164	0.0117418577627				
6.20678090691143	0.00270500111871	7.58445363738797	0.0117418577627				
6.51277207207671	0.00270500111871	7.70348243457905	0.0117418577627				
6.70821503388195	0.00270500111871	7.71720665684698	0.0117418577627				
7.57020400430205	0.00270500111871	7.77013782901291	0.0117418577627				
7.6903045380988	0.00270500111871	8.37356883289953	0.0117418577627				
5.07281769799708	0.00349501656676	9.14313628182639	0.0117418577627				
5.47134315299471	0.00349501656676	10.7491194046752	0.01545661887445				
5.64814743732612	0.00349501656676	5.78101016230852	0.01545661887445				
6.21612532117343	0.00349501656676	5.82301488907782	0.01545661887445				
6.62178388651839	0.00349501656676	6.2210565952868	0.01545661887445				
6.70035258157899	0.00349501656676	6.22154034407545	0.01545661887445				
7.01157053471674	0.00349501656676	6.39663260242466	0.01545661887445				
7.13953352081645	0.00349501656676	6.39711635121331	0.01545661887445				
7.25556540320096	0.00349501656676	6.60003325220955	0.01545661887445				
7.44336331860062	0.00349501656676	6.67152554034481	0.01545661887445				
7.71452782048836	0.00349501656676	6.70441836195154	0.01545661887445				
7.81419887278627	0.00349501656676	6.79697567677002	0.01545661887445				
7.86554801381757	0.00349501656676	6.79697567677002	0.01545661887445				
7.90720213053101	0.00349501656676	7.10294381694916	0.01545661887445				
7.90851162758912	0.00349501656676	7.23642288022917	0.01545661887445				
7.95562406356825	0.00349501656676	7.44759018502229	0.01545661887445				
8.06863050700995	0.00349501656676	7.53426230388366	0.01545661887445				
8.08870785158763	0.00349501656676	7.77013782901291	0.01545661887445				
8.18177737652976	0.00349501656676	7.84918082102289	0.01545661887445				
8.27353605589894	0.00349501656676	7.84918082102289	0.01545661887445				
8.2842959798878	0.00349501656676	7.94225034596503	0.01545661887445				
8.2842959798878	0.00349501656676	8.07464725375324	0.01545661887445				
8.53458304271507	0.00349501656676	8.07464725375324	0.01545661887445				
8.74034457891768	0.00349501656676	8.16039877416065	0.01545661887445				
8.83950880150977	0.00349501656676	8.28049930795739	0.01545661887445				
9.06318084940348	0.00349501656676	8.28049930795739	0.01545661887445				
9.09511548798117	0.00349501656676	8.28049930795739	0.01545661887445				
9.25876897770365	0.00349501656676	8.28049930795739	0.01545661887445				
9.98478347070478	0.00349501656676	8.37399157651183	0.01545661887445				
5.23288037420393	0.00484957507288	8.57984363071597	0.01545661887445				
5.62753456620787	0.00484957507288	8.7090393610439	0.01545661887445				
5.76226141623717	0.00484957507288	8.7090393610439	0.01545661887445				
5.84474338200227	0.00484957507288	8.71181779489189	0.01545661887445				
6.137154539854	0.00484957507288	8.82365381883874	0.01545661887445				
6.47125460524719	0.00484957507288	9.48734885690942	0.01545661887445				
6.59279468978129	0.00484957507288	6.60998063957212	0.01976305807963				
6.62130958956901	0.00484957507288	6.60998063957212	0.01976305807963				
6.82199481366611	0.00484957507288	7.75525530876713	0.01976305807963				
6.8872962819211	0.00484957507288	7.86320735395505	0.01976305807963				
6.94438438462753	0.00484957507288	7.94225034596503	0.01976305807963				
6.94438438462753	0.00484957507288	8.37356883289953	0.01976305807963				
7.01234854215733	0.00484957507288	9.53090181283515	0.01976305807963				
7.01234854215733	0.00484957507288	9.53090181283515	0.01976305807963				
7.01930810032644	0.00484957507288	5.76273839607256	0.0309843920133				
7.02826961148256	0.00484957507288	5.92538832594093	0.0309843920133				
7.05621265726189	0.00484957507288	6.00647659503887	0.0309843920133				
7.06056273949702	0.00484957507288	6.04848132180817	0.0309843920133				
7.13167106851349	0.00484957507288	6.16078010228154	0.0309843920133				
7.14841908130053	0.00484957507288	6.16078010228154	0.0309843920133				
7.14841908130053	0.00484957507288	6.16126385107019	0.0309843920133				
7.14850383065437	0.00484957507288	6.16126385107019	0.0309843920133				
7.19414022634737	0.00484957507288	6.44652302801715	0.0309843920133				
7.30002284538466	0.00484957507288	6.4470067768058	0.0309843920133				
7.40962663003379	0.00484957507288	6.72403274047774	0.0309843920133				
7.45685713701158	0.00484957507288	7.24173813081814	0.0309843920133				
7.52548927811501	0.00484957507288	7.43188886702055	0.0309843920133				
7.5903885296361	0.00484957507288	7.75972873661401	0.0309843920133				
7.60212826842874	0.00484957507288	7.75972873661401	0.0309843920133				
7.64293574268324	0.00484957507288	7.7951189830284	0.0309843920133				
7.75615958576196	0.00484957507288	7.80802397377507	0.0309843920133				
7.82584486347487	0.00484957507288	7.80802397377507	0.0309843920133				
7.84221756896444	0.00484957507288	7.88197385295977	0.0309843920133				
7.9441072570389	0.00484957507288	8.07464725375324	0.0309843920133				
7.94459100582755	0.00484957507288	8.31329233989427	0.0309843920133				
7.96481351690016	0.00484957507288	8.93728422762224	0.0309843920133				
7.98959997382117	0.00484957507288	7.90471495565871	0.03115569897178				
8.00836647282589	0.00484957507288	6.35670681287543	0.03580486354906				
8.12567051296437	0.00484957507288	6.59258233800469	0.03580486354906				
8.12567051296437	0.00484957507288	7.00057038008605	0.03580486354906				
8.12567051296437	0.00484957507288	7.22698331813156	0.03580486354906				
8.12575526231821	0.00484957507288	7.67305661775264	0.03580486354906				
8.15232181571188	0.00484957507288	8.20145631594741	0.03580486354906				
8.15232181571188	0.00484957507288	8.22643746996289	0.03580486354906				
8.22516119202035	0.00484957507288	5.43995742663037	0.06231057887562				
8.22516119202035	0.00484957507288	5.838482881628	0.06231057887562				
8.23383290555624	0.00484957507288	6.2210565952868	0.06231057887562				
8.25768233136971	0.00484957507288	6.22154034407545	0.06231057887562				
8.37590949276205	0.00484957507288	6.26980136856249	0.06231057887562				
8.37590949276205	0.00484957507288	6.46586379381205	0.06231057887562				
8.38687806169763	0.00484957507288	6.53326594812567	0.06231057887562				
8.38687806169763	0.00484957507288	6.67114158122601	0.06231057887562				
8.38730080530993	0.00484957507288	6.67778941064386	0.06231057887562				
8.43968495976039	0.00484957507288	6.89718228074655	0.06231057887562				
8.6013759254924	0.00484957507288	7.02390082493918	0.06231057887562				
8.6117850178913	0.00484957507288	7.02390082493918	0.06231057887562				
8.6117850178913	0.00484957507288	7.10294381694916	0.06231057887562				
8.61923593209617	0.00484957507288	7.30517032282791	0.06231057887562				
8.78389753484342	0.00484957507288	7.42194253114816	0.06231057887562				
8.83725145062165	0.00484957507288	7.42242627993681	0.06231057887562				
8.90289241986228	0.00484957507288	7.42242627993681	0.06231057887562				
9.0034003544831	0.00484957507288	7.51093185903053	0.06231057887562				
9.00936396757377	0.00484957507288	7.75525530876713	0.06231057887562				
9.17768063147159	0.00484957507288	7.84918082102289	0.06231057887562				
9.49114552883983	0.00484957507288	6.61085410424064	0.06640317339842				
9.49114552883983	0.00484957507288	6.89618527034406	0.06640317339842				
9.55346498377028	0.00484957507288	7.83041432201817	0.06640317339842				
9.66530100771713	0.00484957507288	8.03668911983462	0.06640317339842				
9.77893141650063	0.00484957507288	11.6907993705542	0.0785963200702				
6.69209461880628	0.00610047089373	11.6907993705542	0.0785963200702				
6.81387475843188	0.00610047089373	5.49638274239148	0.0785963200702				
6.90053760308547	0.00610047089373	6.33069732501206	0.08231147445732				
6.91560353808871	0.00610047089373	6.33069732501206	0.08231147445732				
7.12941825403387	0.00610047089373	6.46586379381205	0.08231147445732				
7.16806968309879	0.00610047089373	6.46586379381205	0.08231147445732				
7.25115116025598	0.00610047089373	6.56618671214857	0.08231147445732				
7.25115116025598	0.00610047089373	6.59258233800469	0.08231147445732				
7.32379925593378	0.00610047089373	6.59258233800469	0.08231147445732				
7.39504957727949	0.00610047089373	6.70135318094856	0.08231147445732				
7.47163192285658	0.00610047089373	6.70135318094856	0.08231147445732				
7.52452949081344	0.00610047089373	6.72001108517726	0.08231147445732				
7.52858096990401	0.00610047089373	7.1330578058758	0.08231147445732				
7.54606555082993	0.00610047089373	7.1330578058758	0.08231147445732				
7.57063362324362	0.00610047089373	7.33881934207842	0.08231147445732				
7.65008903570739	0.00610047089373	7.56428577480877	0.08231147445732				
7.67010505201233	0.00610047089373	7.56428577480877	0.08231147445732				
7.67971756353359	0.00610047089373	8.07464725375324	0.08231147445732				
7.7221170351677	0.00610047089373	8.20145631594741	0.08231147445732				
7.7221170351677	0.00610047089373	6.67778941064386	0.08583640997168				
7.81408339030059	0.00610047089373	6.94493004361976	0.08583640997168				
7.8978288356308	0.00610047089373	6.94493004361976	0.08583640997168				
7.8978288356308	0.00610047089373	9.20494384155848	0.08583640997168				
7.9441072570389	0.00610047089373						
7.94459100582755	0.00610047089373						
8.02567927492549	0.00610047089373						
8.04849236678089	0.00610047089373						
8.11560552135959	0.00610047089373						
8.11560552135959	0.00610047089373						
8.16170003195209	0.00610047089373						
8.21325956289368	0.00610047089373						
8.3114222006611	0.00610047089373						
8.37313993175028	0.00610047089373						
8.4204095565362	0.00610047089373						
8.42615368038488	0.00610047089373						
8.46596450052763	0.00610047089373						
8.4890561527569	0.00610047089373						
8.48953990154555	0.00610047089373						
8.69262239473793	0.00610047089373						
8.82774431638548	0.00610047089373						
8.98147790403231	0.00610047089373						
7.78194107595918	0.00618883980534						
8.63139939641751	0.00618883980534						
8.63139939641751	0.00618883980534						
8.87555787486502	0.00618883980534						
8.87833630871301	0.00618883980534						
8.94908747456851	0.00618883980534						
5.30001176008023	0.00767855650433						
5.62227305574797	0.00767855650433						
5.67938675695434	0.00767855650433						
5.67987050574299	0.00767855650433						
5.87554688244466	0.00767855650433						
5.96691942382109	0.00767855650433						
6.0275820548191	0.00767855650433						
6.0275820548191	0.00767855650433						
6.11118899267749	0.00767855650433						
6.17257236524769	0.00767855650433						
6.3653362840427	0.00767855650433						
6.3653362840427	0.00767855650433						
6.51917703475886	0.00767855650433						
6.62265735118691	0.00767855650433						
6.65066745014612	0.00767855650433						
6.66466207795621	0.00767855650433						
6.79846034931892	0.00767855650433						
6.84916148690133	0.00767855650433						
6.94959072837942	0.00767855650433						
6.98146549793362	0.00767855650433						
7.20513754582733	0.00767855650433						
7.21619129543252	0.00767855650433						
7.32239350293622	0.00767855650433						
7.56880665352887	0.00767855650433						
7.60037843074452	0.00767855650433						
7.60366300082495	0.00767855650433						
7.79117129963668	0.00767855650433						
7.79117129963668	0.00767855650433						
7.94502479881765	0.00767855650433						
8.05374798676417	0.00767855650433						
8.05374798676417	0.00767855650433						
8.10928212139998	0.00767855650433						
8.16183437257958	0.00767855650433						
8.24393532858614	0.00767855650433						
8.25268992256249	0.00767855650433						
8.28923737390068	0.00767855650433						
8.37590949276205	0.00767855650433						
8.54008734672065	0.00767855650433						
8.78389753484342	0.00767855650433						
9.02822098458002	0.00767855650433						
9.12214649683578	0.00767855650433						
5.8270055969547	0.00809689166535						
11.4589145533018	0.00931513917239						
11.615846876091	0.00931513917239						
5.21603485135082	0.00931513917239						
5.76633416085054	0.00931513917239						
6.25842387355906	0.00931513917239						
6.27402540189094	0.00931513917239						
6.51257116492427	0.00931513917239						
6.54335252398226	0.00931513917239						
6.58535725075157	0.00931513917239						
6.67561603789154	0.00931513917239						
6.70534388882544	0.00931513917239						
6.91615529853907	0.00931513917239						
6.98589437862807	0.00931513917239						
7.10693452482604	0.00931513917239						
7.12341310574078	0.00931513917239						
7.20000404976818	0.00931513917239						
7.36118160586111	0.00931513917239						
7.45872046726623	0.00931513917239						
7.80395617749355	0.00931513917239						
7.8399696049746	0.00931513917239						
8.19513772109525	0.00931513917239						
8.29861633843629	0.00931513917239						
8.31627948791703	0.00931513917239						
8.60312576317661	0.00931513917239						
8.80897781738076	0.00931513917239						
8.84763751803443	0.00931513917239						
8.84763751803443	0.00931513917239						
8.88240907773667	0.00931513917239						
8.94137472516898	0.00931513917239						
9.08826113194082	0.00931513917239						
9.57854526630763	0.00931513917239						
9.75218884998657	0.00931513917239						
9.85280930652886	0.00931513917239						
10.004397849231	0.01074781365685						
10.0343000397212	0.01074781365685						
10.2102499034351	0.01074781365685						
10.9157035125949	0.01074781365685						
6.06254191964256	0.01074781365685						
6.46058362585153	0.01074781365685						
6.46106737464018	0.01074781365685						
6.68332878729107	0.01074781365685						
7.32239350293622	0.01074781365685						
7.45420708179089	0.01074781365685						
7.49860239485562	0.01074781365685						
7.5049082193733	0.01074781365685						
7.52965131013793	0.01074781365685						
7.72043520914519	0.01074781365685						
7.74544748002083	0.01074781365685						
7.79065803802285	0.01074781365685						
7.79889261938371	0.01074781365685						
7.82400672324215	0.01074781365685						
7.83170868689568	0.01074781365685						
7.84221756896444	0.01074781365685						
7.88562535839525	0.01074781365685						
8.00880646621847	0.01074781365685						
8.00880646621847	0.01074781365685						
8.03476814451297	0.01074781365685						
8.04761086162285	0.01074781365685						
8.04849236678089	0.01074781365685						
8.04849236678089	0.01074781365685						
8.05742006925023	0.01074781365685						
8.1215008835245	0.01074781365685						
8.15343552210219	0.01074781365685						
8.24540187723508	0.01074781365685						
8.2558089589653	0.01074781365685						
8.2817936728349	0.01074781365685						
8.3114222006611	0.01074781365685						
8.3338125489042	0.01074781365685						
8.39460327283428	0.01074781365685						
8.42420472992311	0.01074781365685						
8.45207426125418	0.01074781365685						
8.46996783740124	0.01074781365685						
8.6013759254924	0.01074781365685						
8.66379700104667	0.01074781365685						
8.66928307704857	0.01074781365685						
8.73109063678066	0.01074781365685						
8.74189280807411	0.01074781365685						
8.80722797969655	0.01074781365685						
8.81937066128071	0.01074781365685						
8.87833630871301	0.01074781365685						
8.93126748087895	0.01074781365685						
8.96735924080446	0.01074781365685						
8.99017233265987	0.01074781365685						
9.0326944124269	0.01074781365685						
9.0431035048258	0.01074781365685						
9.10380274144336	0.01074781365685						
9.19450976191666	0.01074781365685						
9.19499351070531	0.01074781365685						
9.21521602177792	0.01074781365685						
9.2957943002935	0.01074781365685						
9.30913062425943	0.01074781365685						
9.40432323130247	0.01074781365685						
9.44068245450826	0.01074781365685						
9.53459705698978	0.01074781365685						
9.55346498377028	0.01074781365685						
9.55346498377028	0.01074781365685						
9.62631199763981	0.01074781365685						
9.64653450871241	0.01074781365685						
9.64653450871241	0.01074781365685						
9.70834206844451	0.01074781365685						
9.7088326560428	0.01074781365685						
10.0966194946516	0.01109505480638						
12.5324465594326	0.01109505480638						
6.61840720589641	0.01109505480638						
7.95206458351485	0.01109505480638						
8.98147790403231	0.01109505480638						
9.17768063147159	0.01109505480638						
9.85280930652886	0.01109505480638						
9.89076744044748	0.01109505480638						
7.62242949982967	0.01301482282166						
7.69501260666011	0.01301482282166						
8.05374798676417	0.01301482282166						
10.6875972666907	0.01416850626851						
10.92347279182	0.01416850626851						
10.92347279182	0.01416850626851						
11.1406816076144	0.01416850626851						
11.385005057351	0.01416850626851						
11.865152757699	0.01416850626851						
5.6980534662892	0.01416850626851						
5.69853721507785	0.01416850626851						
6.12985570201235	0.01416850626851						
6.20011590594011	0.01416850626851						
6.33513348942631	0.01416850626851						
6.33561723821497	0.01416850626851						
6.53784374409372	0.01416850626851						
6.63143439287461	0.01416850626851						
6.76693572514946	0.01416850626851						
6.81712705865378	0.01416850626851						
6.86782819623619	0.01416850626851						
7.03302502887521	0.01416850626851						
7.03302502887521	0.01416850626851						
7.06308774328398	0.01416850626851						
7.06308774328398	0.01416850626851						
7.12609455381735	0.01416850626851						
7.23878656507783	0.01416850626851						
7.30732067501905	0.01416850626851						
7.33704852595294	0.01416850626851						
7.43412973721322	0.01416850626851						
7.46434351580971	0.01416850626851						
7.57617953975656	0.01416850626851						
7.60624225416533	0.01416850626851						
7.76317457695446	0.01416850626851						
7.97033042012799	0.01416850626851						
8.16995764888804	0.01416850626851						
8.16995764888804	0.01416850626851						
8.24620780937175	0.01416850626851						
8.40314013216089	0.01416850626851						
8.4716742421021	0.01416850626851						
8.82898292391145	0.01416850626851						
9.46606294704857	0.01416850626851						
5.93709178321734	0.0175582631541						
6.23324380135186	0.0175582631541						
6.39017612414099	0.0175582631541						
9.46606294704857	0.0175582631541						
12.0220850804881	0.01957920962521						
12.0220850804881	0.01957920962521						
5.62227305574797	0.01957920962521						
6.33513348942631	0.01957920962521						
6.33561723821497	0.01957920962521						
6.34814837238555	0.01957920962521						
6.39015309915486	0.01957920962521						
6.66466207795621	0.01957920962521						
6.68026360628809	0.01957920962521						
6.76693572514946	0.01957920962521						
6.78819480536383	0.01957920962521						
6.78867855415248	0.01957920962521						
6.83719592907723	0.01957920962521						
6.91880936932142	0.01957920962521						
6.96081409609073	0.01957920962521						
7.09598056489071	0.01957920962521						
7.13639010322859	0.01957920962521						
7.17492376723083	0.01957920962521						
7.22328458138774	0.01957920962521						
7.23878656507783	0.01957920962521						
7.26851441601172	0.01957920962521						
7.43422952688307	0.01957920962521						
7.45916010651699	0.01957920962521						
7.49450601988834	0.01957920962521						
7.55189012663688	0.01957920962521						
7.56770859016309	0.01957920962521						
7.67010505201233	0.01957920962521						
7.68168648251237	0.01957920962521						
7.76741981025826	0.01957920962521						
7.77153198356028	0.01957920962521						
7.7788758949562	0.01957920962521						
7.82357680446449	0.01957920962521						
7.82357680446449	0.01957920962521						
8.10142353894683	0.01957920962521						
8.18046653095681	0.01957920962521						
8.2101943818907	0.01957920962521						
8.21325956289368	0.01957920962521						
8.22197652495735	0.01957920962521						
8.24074302396207	0.01957920962521						
8.24620780937175	0.01957920962521						
8.27062064465609	0.01957920962521						
8.27353605589894	0.01957920962521						
8.28434486692401	0.01957920962521						
8.40314013216089	0.01957920962521						
8.41631903109993	0.01957920962521						
8.64178546383028	0.01957920962521						
8.64178546383028	0.01957920962521						
8.7463621445371	0.01957920962521						
8.80722797969655	0.01957920962521						
8.80722797969655	0.01957920962521						
8.80722797969655	0.01957920962521						
8.84261822611093	0.01957920962521						
8.85552321685761	0.01957920962521						
8.91629444263163	0.01957920962521						
9.15187434776967	0.01957920962521						
9.17768063147159	0.01957920962521						
9.21521602177791	0.01957920962521						
9.21521602177792	0.01957920962521						
9.34483449571814	0.01957920962521						
9.34761292956613	0.01957920962521						
9.34761292956613	0.01957920962521						
9.43336444997353	0.01957920962521						
9.44068245450826	0.01957920962521						
9.55346498377028	0.01957920962521						
9.55346498377028	0.01957920962521						
9.98478347070478	0.01957920962521						
10.1584270543837	0.02205040925763						
10.4161019576393	0.02205040925763						
6.27407233744228	0.02205040925763						
6.47766704075832	0.02205040925763						
6.57775663364328	0.02205040925763						
6.70539082437678	0.02205040925763						
6.71315642789482	0.02205040925763						
7.11337886645815	0.02205040925763						
7.11931100974384	0.02205040925763						
7.3993360657255	0.02205040925763						
7.41169695054268	0.02205040925763						
7.51735271595281	0.02205040925763						
7.52729905182521	0.02205040925763						
7.65738936465313	0.02205040925763						
7.71198717507077	0.02205040925763						
7.79871991408231	0.02205040925763						
7.81174113758363	0.02205040925763						
7.82181142902057	0.02205040925763						
7.92582450682283	0.02205040925763						
7.9664404849043	0.02205040925763						
8.02671697790956	0.02205040925763						
8.08595576793075	0.02205040925763						
8.16890351465237	0.02205040925763						
8.23247851411217	0.02205040925763						
8.34938613481991	0.02205040925763						
8.42420472992311	0.02205040925763						
8.54512962345744	0.02205040925763						
8.55885384572537	0.02205040925763						
8.6660978978059	0.02205040925763						
8.70485454283344	0.02205040925763						
8.71053290642902	0.02205040925763						
9.15187434776967	0.02205040925763						
9.28684170379211	0.02205040925763						
9.45953947151452	0.02205040925763						
9.49449933633798	0.02205040925763						
7.36489508943898	0.02728187996189						
7.36489508943898	0.02728187996189						
7.37526387945077	0.02728187996189						
7.55957987363843	0.02728187996189						
7.55957987363843	0.02728187996189						
7.63862286564841	0.02728187996189						
7.63862286564841	0.02728187996189						
7.94191196281732	0.02728187996189						
8.03498148775945	0.02728187996189						
8.03498148775945	0.02728187996189						
8.03498148775945	0.02728187996189						
8.4877455167089	0.02728187996189						
9.0094544855753	0.02728187996189						
9.64653450871241	0.02728187996189						
8.07751111435488	0.0280044288336						
8.45485269510217	0.0280044288336						
9.47123226880908	0.0280044288336						
9.59650604449765	0.0280044288336						
9.63626232849298	0.0280044288336						
10.0966194946516	0.04342635257308						
10.0966194946516	0.04342635257308						
10.0966194946516	0.04342635257308						
5.84773948847832	0.04342635257308						
6.11229587224243	0.04342635257308						
6.11229587224243	0.04342635257308						
6.15430059901174	0.04342635257308						
6.27446205332215	0.04342635257308						
6.55282605400936	0.04342635257308						
6.60438558495095	0.04342635257308						
6.60438558495095	0.04342635257308						
6.93131896214346	0.04342635257308						
6.93131896214346	0.04342635257308						
7.00291103994858	0.04342635257308						
7.11559494341691	0.04342635257308						
7.14850019895855	0.04342635257308						
7.2611705046158	0.04342635257308						
7.28865396568419	0.04342635257308						
7.29297106873872	0.04342635257308						
7.32190975414757	0.04342635257308						
7.32190975414757	0.04342635257308						
7.32239350293622	0.04342635257308						
7.32239350293622	0.04342635257308						
7.46702255881995	0.04342635257308						
7.55409386811815	0.04342635257308						
7.64928686721452	0.04342635257308						
7.64928686721452	0.04342635257308						
7.7387389516234	0.04342635257308						
7.80468217865812	0.04342635257308						
7.80468217865812	0.04342635257308						
7.89261330654864	0.04342635257308						
8.09042510439373	0.04342635257308						
8.1700574385579	0.04342635257308						
8.28900404844911	0.04342635257308						
8.29686650075207	0.04342635257308						
8.32184765476755	0.04342635257308						
8.34516173791313	0.04342635257308						
8.40084007239597	0.04342635257308						
8.46620945669242	0.04342635257308						
8.49168448409456	0.04342635257308						
8.61178501789131	0.04342635257308						
8.70485454283344	0.04342635257308						
8.91629444263163	0.04342635257308						
9.06808465884128	0.04342635257308						
9.15493952877266	0.04342635257308						
9.3210884326341	0.04342635257308						
9.3210884326341	0.04342635257308						
9.89076744044748	0.04342635257308						
10.0586193042714	0.05585050346283						
10.0586193042714	0.05585050346283						
10.2499530537778	0.05585050346283						
10.5279379815861	0.05585050346283						
11.2969935353146	0.05585050346283						
6.7062642890453	0.05585050346283						
7.11425233112667	0.05585050346283						
7.54300036982695	0.05585050346283						
7.7788758949562	0.05585050346283						
7.84221756896444	0.05585050346283						
8.13209930463928	0.05585050346283						
8.39556388420246	0.05585050346283						
8.43566081462105	0.05585050346283						
8.4698830880474	0.05585050346283						
8.6013759254924	0.05585050346283						
8.76357523410096	0.05585050346283						
8.82684235822275	0.05585050346283						
8.87555787486502	0.05585050346283						
9.21521602177791	0.05585050346283						
9.23483040030412	0.05585050346283						
9.28956375054286	0.05585050346283						
9.4744219917603	0.05585050346283						
9.49940314577578	0.05585050346283						
9.57307936229648	0.05585050346283						
9.87242327536985	0.05585050346283						
5.85814858087722	0.07179787678412						
7.46702255881995	0.07179787678412						
6.45211699768009	0.09082562852058						
7.35933955108835	0.09082562852058						
7.35933955108835	0.09082562852058						
7.49450601988834	0.09082562852058						
7.49450601988834	0.09082562852058						
7.51327251889305	0.09082562852058						
7.94459100582755	0.09082562852058						
8.16170003195209	0.09082562852058						
8.1700574385579	0.09082562852058						
8.1700574385579	0.09082562852058						
10.6006918223778	0.09451871457002						
5.83151962956955	0.09451871457002						
6.12947174289356	0.09451871457002						
6.23004508456717	0.09451871457002						
6.23015067793271	0.09451871457002						
6.23015067793271	0.09451871457002						
6.36496113003006	0.09451871457002						
6.38410278304742	0.09451871457002						
6.60902174148992	0.09451871457002						
6.62867613293033	0.09451871457002						
6.62867613293033	0.09451871457002						
6.79714950374596	0.09451871457002						
6.81542126998192	0.09451871457002						
6.85694224796257	0.09451871457002						
7.00907512057777	0.09451871457002						
7.02477643857951	0.09451871457002						
7.04034022842442	0.09451871457002						
7.20475140783458	0.09451871457002						
7.22340931206328	0.09451871457002						
7.43422952688307	0.09451871457002						
7.44832827050579	0.09451871457002						
7.63645603276183	0.09451871457002						
8.12387968917535	0.09451871457002						
8.17716802450226	0.09451871457002						
8.24074302396207	0.09451871457002						
8.27353605589894	0.09451871457002						
8.27921441949452	0.09451871457002						
8.36496593990192	0.09451871457002						
8.55286361405718	0.09451871457002						
8.59301851888659	0.09451871457002						
8.60045532703843	0.09451871457002						
8.6013759254924	0.09451871457002						
8.60871983688832	0.09451871457002						
8.71053290642902	0.09451871457002						
9.00936396757377	0.09451871457002						
9.34761292956613	0.09451871457002						
9.44162895982343	0.09451871457002						
9.44162895982343	0.09451871457002						
9.66709539255378	0.09451871457002						
9.87294744675793	0.09451871457002						
6.25619028708619	0.10178089393983						
6.56127397861671	0.10178089393983						
6.56127397861671	0.10178089393983						
6.94213981417455	0.10178089393983						
6.94213981417455	0.10178089393983						
7.09598056489071	0.10178089393983						
7.65215735076356	0.10178089393983						
7.65215735076356	0.10178089393983						
7.77153198356028	0.10178089393983						
8.08347583769806	0.10178089393983						
8.51479432463256	0.10178089393983						
8.53274202588133	0.10178089393983						
8.55101379211728	0.10178089393983						
8.94602229356553	0.10178089393983						
9.0431035048258	0.10178089393983						
9.12214649683578	0.10178089393983						
9.15187434776967	0.10178089393983						
9.27224356891114	0.10178089393983						
9.27224356891114	0.10178089393983						
9.34770344756766	0.10178089393983						
9.34770344756766	0.10178089393983						
9.38040596150301	0.10178089393983						
9.38040596150301	0.10178089393983						
9.57307936229648	0.10178089393983						
9.98478347070478	0.10178089393983						
9.98478347070478	0.10178089393983						
8.53134529978199	0.10914481611328						
10.0585345549175	0.12201431315177						
10.0585345549175	0.12201431315177						
10.322085927382	0.12201431315177						
10.5279379815861	0.12201431315177						
10.5279379815861	0.12201431315177						
10.7033759501017	0.12201431315177						
10.803867488648	0.12201431315177						
7.29448751978963	0.12201431315177						
7.65141076369817	0.12201431315177						
7.92067682272796	0.12201431315177						
8.07128056460424	0.12201431315177						
8.50739990814931	0.12201431315177						
8.51404773756716	0.12201431315177						
8.57621355210644	0.12201431315177						
8.86855179063999	0.12201431315177						
8.86903553942864	0.12201431315177						
8.93871839508381	0.12201431315177						
9.01031047288893	0.12201431315177						
9.12214649683578	0.12201431315177						
9.27643984326355	0.12201431315177						
9.30035402636314	0.12201431315177						
9.30965479564751	0.12201431315177						
9.30965479564751	0.12201431315177						
9.30965479564751	0.12201431315177						
9.30965479564751	0.12201431315177						
9.46500171905845	0.12201431315177						
9.55346498377028	0.12201431315177						
9.78260504785561	0.12201431315177						
