0.00240325927734375	0.004030883266121904	0.00415178513324061	0.0039209558883342805	0.05
0.004800742899533361	0.008104678854490944	0.008245734763578434	0.00792939263508264	0.05
0.0071924647469656655	0.011857963840859848	0.012048470111515212	0.011569592935367147	0.05
0.00957843866667929	0.015607005056072515	0.01587619336925691	0.01535626350468731	0.05
0.011958678472434925	0.019638067225601907	0.019902925156728035	0.019277628108367344	0.05
0.01433319794479504	0.02318812226032757	0.023480194894385964	0.022801285888115013	0.05
0.01670201083120393	0.026914449452471734	0.027300301049175326	0.026482289207406425	0.05
0.019065130846067313	0.031030159367220405	0.03139667328759335	0.030531103473205375	0.05
0.021422571670831503	0.03468989188276553	0.03513102361809879	0.03405952207501926	0.05
0.023774346954062775	0.03863008656570231	0.03909505381021246	0.038041431150434006	0.05
0.026120470311526423	0.042051019090779976	0.04251724893432229	0.04141499681862503	0.05
0.02846095532626547	0.04560536214851637	0.04602431666625152	0.044957668547505575	0.05
0.030795815548679273	0.04919437722372384	0.04968942620960967	0.048631168075814905	0.05
0.03312506449660224	0.05255363315437167	0.053009870964089524	0.05203077342567967	0.05
0.03544871565538188	0.0561652783668992	0.056571745417470835	0.05559861250111284	0.05
0.03776678247795695	0.05968206942079083	0.06009826630266825	0.05915078237381012	0.05
0.04007927838493508	0.06315531597444653	0.06362526041378912	0.06256569899417397	0.05
0.042386216764671025	0.06682011567681401	0.06727358356662151	0.06626718050657747	0.05
0.04468761097334362	0.07046687755708665	0.07089858189316033	0.06991559746188392	0.05
0.04698347433503336	0.07390121999164867	0.07439616014964219	0.07332963345418068	0.05
0.049273820141799596	0.07735392679870941	0.07780194014561019	0.07679564901291488	0.05
0.05155866165375744	0.08071900088567319	0.08115772051194274	0.08014269841436306	0.05
0.0538380120991544	0.08402110522502462	0.08448601296730818	0.08348999993909814	0.05
0.056111884674447055	0.0874484658883807	0.08796804666459701	0.08682379332940592	0.05
0.05838029254437771	0.09104724964279012	0.0916142765722438	0.09039440575600993	0.05
0.06064324884205021	0.09438220927820432	0.09500098984776212	0.09373676075898424	0.05
0.06290076666900601	0.09788144230393292	0.09852258530935247	0.09724049372535243	0.05
0.06515285909530047	0.1015767667698658	0.10224078230444533	0.10087554606646384	0.05
0.06739953915957794	0.10522240690372897	0.10593100274276858	0.10449083556424485	0.05
0.06964081986914775	0.10875027379954558	0.10948848358168822	0.10805350697701432	0.05
0.07187671420005914	0.11208475612546129	0.11280306378709103	0.11135170604615446	0.05
0.07410723509717662	0.11509888184472725	0.11579559522883748	0.11431761763228347	0.05
0.07633239547425488	0.11848096574035757	0.11918846723162146	0.1177224199171193	0.05
0.07855220821401325	0.12193055914622444	0.12268956250218971	0.1210673992657949	0.1
0.08076668616821081	0.12534024676076683	0.12611269683365242	0.1244311534364693	0.1
0.08297584215772047	0.12885043816775515	0.12966150174186286	0.12797361599806778	0.1
0.0851796889726033	0.1321303311525946	0.13294306223586633	0.13116457083231692	0.1
0.08737823937218232	0.13522754911832147	0.13598573465985528	0.13430626668268733	0.15
0.08957150608511699	0.13867194858266205	0.13946231037091852	0.13765568559759525	0.15
0.09175950180947597	0.14192150881258297	0.14269692665967376	0.14081881202740004	0.15
0.0939422392128116	0.1452548299972814	0.14601867781301736	0.1441540135908281	0.15
0.0961197309322328	0.14842980962640112	0.14918525372352046	0.14738711268576465	0.15
0.09829198957447798	0.15183529428052306	0.15264263828751684	0.15077393670027095	0.15
0.10045902771598825	0.15517625315332528	0.15598594987798786	0.1541212400110607	0.15
0.10262085790298059	0.15841292105077887	0.15925808314861445	0.15733381108651845	0.15
0.10477749265151999	0.1619013528011903	0.1627362987424166	0.16087826350072645	0.15
0.10692894444759211	0.16501190821321626	0.1658147417575348	0.1639532500205594	0.15
0.10907522574717565	0.16832798026803356	0.16914415368888994	0.16726578886491125	0.15
0.11121634897631423	0.17155524711733888	0.17232049851787537	0.17050060232390568	0.15
0.11335232653118825	0.17466942434815141	0.1754685395758909	0.17363157469263557	0.15
0.11548317077818741	0.17798783042745409	0.17874206380749325	0.1769969982954682	0.15
0.11760889405398145	0.18119648281632378	0.18197040098679138	0.18018835815448378	0.2
0.11972950866559184	0.1842134507432968	0.18497008326258957	0.18320607242444925	0.2
0.12184502689046317	0.18735785803319757	0.1881507818339539	0.18641849664461577	0.2
0.12395546097653427	0.19058123303553148	0.1913645163050289	0.18965656750071344	0.2
0.12606082314230876	0.19365516163839022	0.19445168720385766	0.19280544682248124	0.2
0.12816112557692616	0.1967232697366059	0.19749807323759672	0.1958672018236921	0.2
0.13025638044023236	0.19988008317145284	0.2006797635606042	0.19900913015537566	0.2
0.13234659986284997	0.203096898373063	0.2039469511353942	0.2021898248866828	0.2
0.13443179594624827	0.20621052905506052	0.20700595098436214	0.20537180871090654	0.25
0.13651198076281418	0.20936947184972823	0.21016316314808337	0.2086246850464416	0.25
0.13858716635592122	0.2124153275103564	0.21320061651711814	0.21166014520302762	0.25
0.14065736473999918	0.21533195881379646	0.2160771468625029	0.2145591736033595	0.25
0.14272258790060482	0.21848589618407094	0.21922101937979546	0.21765513207326445	0.25
0.14478284779448997	0.22168450034987952	0.22245700230062138	0.22074434020351974	0.25
0.1468381563496715	0.22474187604273604	0.22556064809967216	0.22373696400918971	0.25
0.14888852546549985	0.2277172003182084	0.22848456968958036	0.22677329247433597	0.25
0.1509339670127286	0.2306614484053846	0.2314010051393229	0.22979496279573056	0.25
0.15297449283358272	0.23356546965297847	0.2343546280813961	0.2327536228384364	0.25
0.15501011474182708	0.23680665061648942	0.23764761080030278	0.23599661267971106	0.25
0.1570408445228355	0.23973119926729541	0.24054971152866023	0.2389232891109281	0.25
0.15906669393365785	0.24261712175246478	0.24339279336900402	0.24186724492577058	0.25
0.16108767470308916	0.24578818447469555	0.24657747776207137	0.2450242737872989	0.25
0.16310379853173704	0.24880239827505143	0.24956727996668449	0.2479565324135406	0.25
0.16511507709208928	0.25154124636146763	0.2523082755271766	0.25073802915491605	0.25
0.16712152202858205	0.254379921460128	0.2551425257258144	0.2535898462186356	0.25
0.16912314495766698	0.25730915295385415	0.25801526443690576	0.25652916564653855	0.25
0.1711199574678775	0.26005997351000687	0.2608291225914688	0.25926582626971445	0.25
0.1731119711198979	0.26308686558455924	0.26379991178844864	0.26227138055342913	0.25
0.1750991974466284	0.26606492425759515	0.2668177120237442	0.26523939409543806	0.25
0.17708164795325315	0.26875877708510343	0.2695501960880615	0.26794600166964794	0.3
0.17905933411730596	0.2714103503415288	0.27225495093687896	0.2705980420209065	0.3
0.1810322673887374	0.2741170484540546	0.274982407103148	0.27330761083508176	0.3
0.18300045918998054	0.27683500704582065	0.27770726336439	0.2760746933750816	0.3
0.18496392091601782	0.279558403659772	0.2803492456754866	0.27877437667096977	0.3
0.18692266393444618	0.2825391676682674	0.2832824264395689	0.2817833058947506	0.3
0.18887669958554376	0.28516587653945935	0.2859303862244134	0.2843665240579554	0.3
0.1908260391823346	0.2878318756043697	0.2885520328522668	0.2870642916587898	0.3
0.1927706940106546	0.290635565003885	0.2913398701458326	0.2898782904862707	0.3
0.1947106753292172	0.2933683203608349	0.294058868974908	0.2926146366647112	0.3
0.19664599436967828	0.29600503481208784	0.29671358353546196	0.29530023159313373	0.3
0.19857666233670063	0.29861465056147646	0.29933125469032634	0.29785930447202585	0.3
0.20050269040801977	0.30115879918397725	0.3018557790170948	0.3003471087878422	0.3
0.20242408973450798	0.3039036327487465	0.3046044537830785	0.30315573524818323	0.3
0.20434087144023932	0.3066260538045582	0.3073763781396237	0.3058862344782259	0.3
0.20625304662255392	0.30914789367956835	0.30987406484975555	0.30838976123852174	0.3
0.20816062635212157	0.31174527140925773	0.31249942830650446	0.3110520868085815	0.3
0.2100636216730068	0.314382922892131	0.3150437031990586	0.3136882547895182	0.3
0.2119620436027326	0.317181444295083	0.31785893237281126	0.31648824548942617	0.3
0.21385590313234326	0.31980976011263285	0.32051059238161234	0.319168626793012	0.3
0.21574521122646942	0.3223485374385484	0.32306198988311347	0.32171823126014654	0.3
0.2176299788233908	0.3251916239813011	0.3259054550924905	0.32454331397981934	0.3
0.219510216835099	0.32781617366368626	0.32851239412572625	0.3271624990012479	0.3
0.22138593614736207	0.3303999015234695	0.3311465783434397	0.32969369883858457	0.3
0.22325714761978635	0.3330659588084933	0.33378967215218897	0.3323727297048344	0.3
0.22512386208587953	0.33582839780568846	0.33656872900257445	0.3351787553721878	0.3
0.22698609035311393	0.338277862267153	0.3390646320711293	0.33761421352700843	0.3
0.22884384320298862	0.34098840710678235	0.3417033091269703	0.3403432103356671	0.3
0.23069713139109185	0.3433631133964902	0.34410978262565395	0.3426684767105121	0.35
0.23254596564716318	0.3457869114957426	0.3465518284994834	0.3450838210797754	0.35
0.23439035667515648	0.3484271341118014	0.34921946762297834	0.34773783799259844	0.35
0.23623031515330079	0.3509536578313958	0.3517051807363973	0.35025109549812544	0.35
0.2380658517341626	0.35338641750560823	0.3541632040553353	0.3527096838201127	0.35
0.23989697704470733	0.35568328631680746	0.3563931253207878	0.35503836359057334	0.35
0.2417237016863618	0.3582440206931431	0.3589419638800104	0.3575927564754026	0.35
0.24354603623507393	0.360786455600803	0.36149013635774196	0.3601800665015533	0.35
0.24536399124137548	0.363368306098315	0.3640437755783579	0.3627601093340582	0.35
0.24717757723044223	0.36570378810968607	0.3664125939241213	0.3650649599656565	0.35
0.2489868047021556	0.36795617703785427	0.36863307474360224	0.36728470912142314	0.35
0.25079168413116276	0.37053090361493385	0.37121715590641263	0.3698642684389267	0.35
0.25259222596693753	0.3731854566857487	0.37392911199509477	0.3724730010102743	0.35
0.25438844063384136	0.3754070214320951	0.3761746186671996	0.3747172675400367	0.35
0.2561803385311828	0.3777080692248902	0.37850915811419195	0.37698455861162494	0.35
0.25796793003327856	0.37992317013019555	0.3807194638794666	0.37923101470272486	0.35
0.25975122548951257	0.38228450029756433	0.383070415646536	0.3815323160912836	0.35
0.2615302352243972	0.3848274499144543	0.38561327574529664	0.3840923152975233	0.35
0.2633049695376321	0.387257352935842	0.3880040246924362	0.3865837202805868	0.35
0.2650754387041637	0.3895536411042896	0.3903528993125615	0.38883908114094445	0.35
0.2668416529742457	0.3919593949246466	0.39274459992802274	0.3912542222059718	0.35
0.2686036225734974	0.394108831586824	0.3949004450560853	0.3933900113362395	0.35
0.27036135770296343	0.3964743825125211	0.39722963889735347	0.39576236069663806	0.4
0.27211486853917227	0.3987734658912371	0.3995561006818864	0.3979837687928341	0.4
0.2738641652341959	0.40109923621343857	0.40188585504723456	0.40034597643621994	0.4
0.2756092579157086	0.4032589744259239	0.40402208243603555	0.4024902462458212	0.4
0.27735015668704477	0.4055389177200922	0.4063229802365141	0.4047806955978481	0.4
0.27908687162725754	0.4079412891734986	0.4087054709645266	0.40720974899455764	0.4
0.2808194127911783	0.41016404998023487	0.41098565058094727	0.40941039465444545	0.4
0.2825477902094734	0.412510745082281	0.41329635920923596	0.41174983938902077	0.4
0.2842720138887032	0.41486381312271164	0.4156738895451107	0.4140512247967768	0.4
0.2859920938113799	0.4171253967270571	0.4179930471825775	0.41630087439869096	0.4
0.28770803993602445	0.419564201252955	0.4204673853712366	0.41871106646059736	0.4
0.2894198621972254	0.4216104664649685	0.42244862854658954	0.4207214063886634	0.4
0.29112757050569626	0.42384929247575975	0.4247133958298283	0.4229120374960519	0.4
0.2928311747483316	0.42620097043117094	0.4270006924246679	0.42524301649661894	0.4
0.294530684788266	0.4283647118991025	0.42911609564135733	0.42738058980259325	0.4
0.2962261104649298	0.43047598109084617	0.431214915421399	0.42948167578278207	0.4
0.2979174615941072	0.43254615097226595	0.4333123311063453	0.43152650044045426	0.4
0.29960474796799225	0.4345866791173247	0.43532103700396496	0.43355530050675445	0.4
0.3012879793552458	0.4368527620479689	0.4375356996610726	0.435817511278624	0.4
0.3029671655010518	0.43906050773122995	0.43970591729852315	0.43803402078518144	0.4
0.3046423161271746	0.4412384596297986	0.4419103258089447	0.44021836736545067	0.4
0.3063134409320142	0.44342868706838046	0.44411878097809593	0.44244656782111796	0.4
0.30798054959066323	0.44542465187565244	0.44615252114519777	0.44448204742770997	0.4
0.30964365175496156	0.4475112497589512	0.448249868475907	0.44654945148442615	0.4
0.3113027570535546	0.44953752063674185	0.450288626030793	0.44859762861378855	0.4
0.31295787509194667	0.4515752829774836	0.4522966662706696	0.4506232271315802	0.4
0.31460901545255815	0.4535794455554572	0.45430232529562403	0.4526348894059973	0.4
0.31625618769477953	0.4556571012986592	0.4564179862277038	0.45466084876658847	0.4
0.3178994013550283	0.4578460636414562	0.4586441876844069	0.4568894233729917	0.4
0.3195386659468034	0.45989853350231896	0.46069790907771746	0.45892467960289757	0.4
0.3211739909607407	0.4620519118801627	0.4628234516023727	0.46105797394589376	0.4
0.32280538586466634	0.464030378519466	0.46473806817979174	0.46301311936465495	0.4
0.3244328601036545	0.46593587064327585	0.46666612887850145	0.4649580782669703	0.4
0.32605642310007893	0.4679441314760827	0.4686255052114778	0.46696515268250216	0.4
0.32767608425367	0.46980910920386165	0.47053346067258417	0.4688287862789132	0.4
0.3292918529415675	0.471875679271211	0.4726137903542241	0.4708874716053939	0.4
0.33090373851837557	0.47397082743281016	0.47468072199130806	0.47302138631192203	0.4
0.3325117503162174	0.4758638834894439	0.47655673660532066	0.47495557483767364	0.4
0.3341158976447878	0.47784302983032145	0.47853680628478557	0.4769618206074482	0.4
0.3357161897914088	0.4798390170466276	0.48054203960333425	0.4789532497114036	0.4
0.3373126360210818	0.48178903090552894	0.48252509716195685	0.48091577477870856	0.4
0.3389052455765426	0.48389066356849764	0.4846606433359567	0.48302909775830283	0.4
0.34049402767831416	0.4858288436134634	0.4866317551391954	0.48491565580139884	0.4
0.34207899152475985	0.4878179370645938	0.48860434195478053	0.486893161191973	0.4
0.3436601462921373	0.4897536959682428	0.4905334449108594	0.4888061577743068	0.4
0.3452375011346511	0.4916072536434438	0.49241089799105126	0.4906748435991517	0.4
0.3468110651845062	0.49355823027911583	0.4943584260978129	0.4926360964972786	0.4
0.3483808475519598	0.49546526641331196	0.49629821048873496	0.49459214624077585	0.4
0.3499468573253753	0.497247659423463	0.4980745530857394	0.49641018506907386	0.4
0.3515091035712745	0.4992233247993429	0.5000207365884762	0.49837977886406265	0.4
0.35306759533438997	0.5011043805611712	0.5019010031960236	0.5002527622192686	0.4
0.354622341637717	0.5031787893426509	0.5039733166080226	0.5023741002064104	0.4
0.35617335148256657	0.5049932372693635	0.5057741289199131	0.5042194018510201	0.4
0.35772063384861696	0.5068516550687858	0.5076623671497067	0.5061016295417002	0.4
0.3592641976939668	0.5089110220653178	0.5097697472566853	0.5081308921722179	0.4
0.36080405195518506	0.5107299969460448	0.5115739632945174	0.5099661245701639	0.4
0.3623402055473645	0.5127579795677493	0.5136274594232475	0.5119698538467037	0.4
0.3638726673641718	0.5145789246143813	0.5154232094931279	0.5138000213858657	0.4
0.36540144627790094	0.5164382053195737	0.5172748071446722	0.5156872693666261	0.4
0.36692655113952255	0.5183165169933732	0.5191591453143403	0.5174962219463574	0.4
0.36844799077873625	0.5202298713251694	0.5211022292490389	0.5193983819905953	0.4
0.36996577400402236	0.5220212172428991	0.5228914101195689	0.5211870471327368	0.4
0.3714799096026915	0.5238330271566072	0.5247108896603535	0.5229430264263417	0.4
0.37299040634093567	0.5257092971134989	0.5266268046291036	0.5248242631217708	0.4
0.3744972729638804	0.5274121040403063	0.5283126830502277	0.5265171086139924	0.4
0.3760005181956335	0.5292566436701621	0.5300890755610878	0.5283530817066582	0.4
0.37750015073933774	0.5309669375169301	0.5317918251135146	0.5300805385607439	0.4
0.3789961792772185	0.5327621651407982	0.5335362142275197	0.5318898276342915	0.4
0.3804886124706365	0.5346748610078758	0.5354377009971969	0.5338403417078266	0.4
0.3819774589601365	0.5362874717577163	0.5370943801089707	0.5354710011001742	0.4
0.38346272736549813	0.5380204355381608	0.5387746618463127	0.5372359506157206	0.45
0.3849444262857852	0.5398388120780905	0.5406066168663788	0.5390670712971728	0.45
0.38642256429939587	0.5417241754839652	0.5424735381472582	0.5409554620182268	0.45
0.38789714996411195	0.5434273075379029	0.5442070990226409	0.5426889860427665	0.5
0.3893681918171491	0.5451103484510902	0.5458508326247246	0.5443577771361676	0.5
0.39083569837520576	0.5467960763893059	0.5475483978111032	0.546063358821257	0.5
0.3922996781345124	0.5483808557128783	0.5491439935134313	0.5476670551171563	0.5
0.3937601395708804	0.5500356482756692	0.550832767503483	0.5493363883448715	0.5
0.39521709113975223	0.5516731070976159	0.5524813052316776	0.5509899838218856	0.5
0.3966705412762493	0.5534523608955509	0.5542637187157612	0.5527842095328893	0.5
0.39812049839522223	0.5551679946587144	0.555982515000925	0.5544806482918285	0.5
0.399566970891297	0.5568586740084811	0.5576679854023605	0.5561259408584921	0.5
0.40100996713892584	0.5584312678834935	0.5592702810901453	0.5576937417487496	0.5
0.40244949549243564	0.5600667529971354	0.5609018881220482	0.5593661883446918	0.5
0.40388556428607486	0.5616634099910635	0.562472120607196	0.5609550665784231	0.5
0.40531818183406293	0.5633805290965511	0.5642135368935146	0.5626644589522539	0.5
0.4067473564306381	0.5651196186991089	0.5659909631171183	0.5643868374031779	0.5
0.40817309635010474	0.566845738079524	0.5677071960247403	0.5661059757178639	0.5
0.40959540984688314	0.568464047868688	0.5692861683258144	0.5677447022499504	0.5
0.4110143051555549	0.5701263610577492	0.5709691416951734	0.5693809344807086	0.5
0.4124297904909124	0.5718015735527028	0.5726291304910287	0.5710615774179224	0.5
0.4138418740480061	0.5733467312637109	0.5741708067038384	0.5726138548324555	0.5
0.4152505640021908	0.5748563414258079	0.5756504153828285	0.5741222439294282	0.5
0.4166558685091741	0.5764547867727011	0.5772851355883112	0.5757510028190497	0.5
0.41805779570506346	0.5780185528977525	0.5788193732267657	0.5773439404196602	0.5
0.419456353706413	0.5796793066624439	0.5804552218906666	0.5789788783348317	0.5
0.420851550610271	0.5812905805279431	0.5820534184984868	0.5805697024586799	0.5
0.42224339449422593	0.5829776369318981	0.583720145775207	0.5822925890419854	0.5
0.4236318934164543	0.5845534866529996	0.5852901930700136	0.5838746023332788	0.5
0.4250170554157665	0.5860632579669167	0.586790532825166	0.5853889657178687	0.5
0.4263988885116527	0.5876281577856955	0.5883220354869463	0.5869154004622448	0.5
0.4277774007043319	0.5891699795449448	0.5898776582890958	0.588485687385925	0.5
0.4291525999747951	0.5907102393139142	0.5914211807269617	0.5900431506596028	0.5
0.43052449428485307	0.5923243086576837	0.5930453522009062	0.5916512113675458	0.5
0.4318930915771829	0.5939275638099747	0.5946364797832915	0.5932580014003241	0.5
0.4332583997753733	0.5955390634744482	0.5962728670999766	0.5948595799973968	0.5
0.4346204267839697	0.5969632589492158	0.5977107299123718	0.5962718959198933	0.5
0.4359791804885217	0.5984579328926525	0.5991714266453433	0.5977730637401434	0.5
0.43733466875562776	0.5999032559157268	0.6006030680861434	0.5992213816522162	0.5
0.43868689943298034	0.6015145814184176	0.6022516904095325	0.6008194538854048	0.5
0.44003588034941277	0.603145674444634	0.6039011727280678	0.6025035289666751	0.5
0.4413816193149425	0.60464111500598	0.6053658124770612	0.6039708459175801	0.5
0.44272412412081874	0.6061798986869922	0.6068909721712951	0.6055016895323125	0.5
0.4440634025395652	0.6076843569489887	0.60839713082367	0.6070077444261743	0.5
0.445399462325027	0.6092198757900302	0.6099240295279426	0.608569565994083	0.5
0.44673231121241413	0.6106885392764894	0.6113975880232669	0.610063863752962	0.5
0.44806195691834744	0.612128085693026	0.6128491677913108	0.6114790478618831	0.5
0.4493884071409024	0.613720881316755	0.6144136295585061	0.6131080318167721	0.5
0.450711669559654	0.6152897359726862	0.6160100757256511	0.6146620165744399	0.5
0.45203175183572136	0.6167567956446801	0.617505736335776	0.6161579712073387	0.5
0.4533486616118119	0.618192907817763	0.6189654010179845	0.6175998373716196	0.5
0.4546624065122657	0.6195810831478366	0.6203625907623642	0.618971528749822	0.5
0.45597299414309944	0.6210583714011838	0.6218572744767061	0.6204424990541795	0.5
0.45728043209205066	0.6225102207226676	0.6233357683204515	0.6218944220101142	0.5
0.4585847279286213	0.6238859332721594	0.6246622943504838	0.6232839992673097	0.5
0.4598858892041225	0.6253493529579581	0.6261501206800278	0.6247396441861579	0.5
0.461183923451717	0.6268331778796352	0.6276466077843614	0.6261892747966954	0.5
0.46247883818646346	0.628222895809332	0.6290818314582167	0.6275446715383345	0.5
0.46377064090536085	0.6296227089482936	0.6304751748458857	0.628959453616104	0.5
0.4650593390873888	0.6310597617001777	0.6319305645077391	0.6303819501941014	0.5
0.4663449401935555	0.6324052774398005	0.6332941724455782	0.6317413702121895	0.5
0.46762745166693687	0.6338633076558906	0.6347588571205272	0.6331834175233488	0.5
0.4689068809327212	0.6352116630212647	0.6361254535172116	0.6345368067503556	0.5
0.4701832353982532	0.636657014894387	0.6375776279481244	0.6360078023989133	0.5
0.47145652245307457	0.638030702488901	0.6389370622973067	0.63740053116882	0.5
0.4727267494689686	0.6395044823119636	0.64041343837134	0.6388842291730078	0.5
0.47399392380000266	0.6408931194055343	0.6418094153015903	0.6402623649828523	0.5
0.4752580527825695	0.6423718674726705	0.6432838000275151	0.641732909908893	0.5
0.4765191437354311	0.6437903696855424	0.6447006319575509	0.6431242024856858	0.5
0.47777720395976087	0.6451695615025703	0.6460773667148858	0.6444971015198288	0.5
0.47903224073918504	0.6465286498452565	0.6474221037740238	0.6458596677759537	0.5
0.4802842613398256	0.6478460367767149	0.6487284997302027	0.6471750583019639	0.5
0.4815332730103422	0.649209705230131	0.6500645706029012	0.648506337691166	0.5
0.4827792829819744	0.6504999390204809	0.6513731343774235	0.6498111926062021	0.5
0.48402229846858214	0.6518108799785649	0.6526653728873872	0.6511394904399046	0.5
0.48526232666668995	0.6531230253431956	0.6539878205726652	0.6524509228595559	0.5
0.4864993747555265	0.6543905588251808	0.6552231376314855	0.6537125042323496	0.5
0.4877334498970674	0.6557220232481746	0.6565565774882677	0.6550048785340079	0.5
0.48896455923607524	0.6571994383685091	0.658026409303194	0.656478728223311	0.5
0.49019270990014246	0.6585414436167965	0.6593466168358117	0.6578399505832877	0.55
0.4914179089997324	0.6598610407327363	0.6606539869489333	0.6591757412141264	0.55
0.4926401636282195	0.6611930121465173	0.6619828918923709	0.6605035723964495	0.55
0.49385948086193154	0.6626167673888259	0.6634257804589795	0.661922642205243	0.55
0.4950758677601897	0.6639054260299482	0.6647264444823313	0.6632307177102192	0.55
0.4962893313653497	0.6652418263289586	0.6660535193545214	0.6645836855132748	0.55
0.4974998787028431	0.6665275203793118	0.6673542181808393	0.665825438462464	0.55
0.4987075167812166	0.6678848245864002	0.6686928749970777	0.6672031517679005	0.55
0.499912252592175	0.669181116154755	0.6699931391983509	0.6684936218977042	0.55
0.5011140931106189	0.6705764676314561	0.6714171520300429	0.6698961300314485	0.55
0.5023130452946865	0.6718007821376252	0.6726431784217293	0.6711092033830898	0.6
0.5035091160857952	0.6730520077890723	0.6738460955624759	0.672347560457407	0.6
0.5047023124086786	0.6742724181490234	0.6750499137507505	0.6735917527838144	0.6
0.5058926411714294	0.6755081351456664	0.6762692275991861	0.6748327360904544	0.6
0.5070801092655379	0.6767559933818151	0.6774939962341135	0.6760808011363274	0.6
0.5082647235659329	0.6779651466805554	0.678712063875153	0.6772967476866864	0.6
0.5094464909310201	0.6792689226750053	0.6799903258173225	0.6785828281959271	0.6
0.5106254182027234	0.680540409549425	0.6812556782019806	0.6798780574996182	0.6
0.5118015122065244	0.6816938796475209	0.6824307624009193	0.6810233712890407	0.6
0.512974779751499	0.6828866890865241	0.6836253973788524	0.6821846714845536	0.6
0.5141452276303617	0.6840588362497811	0.6848219368019473	0.683377689542287	0.6
0.5153128626195008	0.6852771661224919	0.6860550269536534	0.6845686521883123	0.6
0.5164776914790198	0.6863701812651939	0.687153175843888	0.6856658218464516	0.6
0.5176397209527756	0.6875592062427103	0.6883418481899553	0.6868557244467728	0.6
0.5187989577684178	0.6886875856258129	0.6894981041064305	0.6879830878880095	0.6
0.5199554086374285	0.689871183171628	0.6906549063464016	0.6891656521663779	0.6
0.5211090802551588	0.6910708530982367	0.6918303023544443	0.6903390172885902	0.65
0.5222599793008715	0.6923428250494008	0.6931256161801737	0.6915935330966407	0.65
0.5234081124377751	0.6934377056094759	0.6942053176434249	0.6926745547407224	0.65
0.5245534863130656	0.6946304708536838	0.695404540703772	0.6938215345064456	0.65
0.5256961075579645	0.6958663834060295	0.6966093348276154	0.6950674700412676	0.65
0.526835982787756	0.6971225216897498	0.6978723136144576	0.6963182544686564	0.65
0.5279731186018266	0.6983309480582774	0.6990993188054151	0.6975420730853933	0.65
0.5291075215837024	0.6994573620743603	0.7002002940203214	0.6986835574334723	0.65
0.5302391983010877	0.7006850717879078	0.7014331905479949	0.6998810371795974	0.65
0.5313681553059035	0.7018061432875272	0.7025568357528281	0.7010210865265597	0.65
0.5324943991343231	0.7030589994902349	0.7038186484494444	0.7022793695195747	0.65
0.5336179363068136	0.7041887291708437	0.7049583251273157	0.7033905362882987	0.7
0.534738773328171	0.7053439951353914	0.7060942025478885	0.7045415289341949	0.7
0.5358569166875585	0.7064670335825405	0.7072369003216543	0.7056397066732942	0.7
0.5369723728585443	0.7076019189381295	0.7083836263963849	0.7067866569896432	0.7
0.5380851482991382	0.7086804763108565	0.7094584465352941	0.7078674035653383	0.7
0.5391952494518312	0.7097402690475558	0.7105384687240168	0.7089172336393461	0.7
0.5403026827436299	0.710829673399384	0.7116219144713267	0.7099791876123965	0.7
0.5414074545860964	0.7120099590425049	0.7128141329928661	0.7111854497585165	0.7
0.5425095713753832	0.7131250263692478	0.7139407437777786	0.7123115094423889	0.7
0.543609039492271	0.7142388351587211	0.7150142167744369	0.7134297205311921	0.7
0.5447058653022072	0.7152871311553113	0.7160676971850563	0.714462929137004	0.7
0.5458000551553398	0.7164656349084929	0.7172347257316398	0.7156687805284042	0.7
0.5468916153865566	0.7175649402800771	0.7183456381416273	0.7167791439582238	0.7
0.5479805523155215	0.7186929954602125	0.7194754304160914	0.7179278878322753	0.7
0.5490668722467087	0.7197494758766327	0.7205415629557813	0.7189938492309804	0.7
0.5501505814694436	0.7208471856037508	0.721653832676952	0.7200700067211349	0.7
0.5512316862579348	0.7219155459232682	0.7227011300396863	0.7211680459827011	0.7
0.5523101928713137	0.7230148240866268	0.7237740939992441	0.7222861230847486	0.7
0.5533861075536677	0.7241174143505049	0.7248992871791482	0.723379183732365	0.7
0.5544594365340797	0.7251410140065204	0.7259331259221284	0.7243896476986005	0.7
0.5555301860266624	0.7262013889804416	0.7270129707305814	0.725436933069375	0.7
0.5565983622305931	0.7273127192779634	0.7281407964559659	0.7265415216654287	0.7
0.5576639713301519	0.7283445898153919	0.7291656029714555	0.7275397456609166	0.7
0.558727019494756	0.729410336006657	0.7302385391113166	0.7285923891493923	0.7
0.5597875128789963	0.7304675293753172	0.7312774623441896	0.7296385271522359	0.7
0.5608454576226726	0.7315782367336008	0.7324012412822621	0.7307265109807539	0.7
0.5619008598508284	0.7326295919695796	0.7334207750433729	0.731783362502411	0.7
0.5629537256737881	0.7336513960446578	0.7344310714251185	0.7328216704425583	0.7
0.5640040611871912	0.7346452461320422	0.7354391019597342	0.7338036013189111	0.7
0.5650518724720274	0.7356684225259721	0.7364741100825833	0.7348186726809681	0.7
0.566097165594672	0.7366647733899016	0.7374779406774702	0.7357908376721887	0.7
0.5671399466069225	0.7376588758335064	0.7384580347296912	0.7367684055252405	0.7
0.5681802215460311	0.7387416989489128	0.739515674251183	0.7378546195768272	0.7
0.569217996434741	0.7396991195719707	0.7404725616467651	0.7388186256464616	0.7
0.5702532772813219	0.7406608166004214	0.7414537402643624	0.7397639953250245	0.7
0.5712860700796034	0.7415961135919362	0.7423557741698416	0.7407021667067595	0.7
0.5723163808090115	0.7426325572409502	0.7434264331462962	0.7417315811054483	0.7
0.5733442154346002	0.7437144675741556	0.7445363011607935	0.7427853972437193	0.7
0.574369579907089	0.7447410786441894	0.7455718772756538	0.7438272545030524	0.7
0.575392480162897	0.7456145569195772	0.746436763431034	0.7447116271226873	0.7
0.5764129221241756	0.7465587453639398	0.747380560933481	0.7456485446931678	0.7
0.5774309116988439	0.7474471306552357	0.7482823622529556	0.7465252257917924	0.7
0.5784464547806218	0.7484492463377271	0.7492986340471262	0.747550451977069	0.7
0.5794595572490677	0.7493743349231735	0.750246711205648	0.748467421840001	0.7
0.5804702249696072	0.750367656813865	0.7512316211219446	0.7494567372720037	0.7
0.581478463793571	0.7513150461333942	0.7521780378148318	0.7504244617719724	0.7
0.5824842795582269	0.7523329308378407	0.7531564344694425	0.7514358149584868	0.7
0.5834876780868155	0.7532703180147946	0.7540953592447325	0.7523878124966971	0.7
0.5844886651885817	0.7541487632664853	0.7549827672765318	0.7532746215340875	0.7
0.5854872466588082	0.7550536430326383	0.7558935002556628	0.7541894979590009	0.7
0.586483428278853	0.7559663897295088	0.7567915813262993	0.7551209429549293	0.7
0.5874772158161772	0.7569644775134774	0.757777846368082	0.7561526288201976	0.7
0.5884686150243824	0.7578816923770347	0.75869718292196	0.7570836740635213	0.7
0.5894576316432436	0.758818676332513	0.7596317522594451	0.7579981084849107	0.7
0.5904442713987396	0.7598102052559387	0.7606192108102183	0.758959412270412	0.7
0.5914285400030898	0.7606889276731506	0.7614880230483795	0.7598364749864611	0.7
0.5924104431547851	0.7616525297522115	0.7624454292385374	0.7607978958802604	0.7
0.5933899865386217	0.7625193625272435	0.7633015769305282	0.7616748328093583	0.7
0.594367175825734	0.7633993675120834	0.7641863203415401	0.7625609867133741	0.7
0.5953420166736259	0.7643000101124472	0.7650959809953318	0.7634573570524723	0.7
0.596314514726206	0.7651228647223963	0.7659248196983038	0.7642602798324747	0.7
0.5972846756138193	0.7660662726375592	0.7668825724601032	0.7652115007549499	0.7
0.5982525049532791	0.767024154855162	0.7678567134629997	0.7661856354475631	0.7
0.5992180083478994	0.767883278349427	0.7687145711512089	0.7670218443720133	0.7
0.6001811913875296	0.768768263554451	0.769601543945048	0.7679198734181267	0.7
0.6011420596485841	0.769732464348262	0.7705654778187901	0.7688855954595007	0.7
0.6021006186940758	0.7707177127570461	0.7715275963466625	0.7698631985735677	0.7
0.6030568740736489	0.7715716160242938	0.7723812007452339	0.7707340319834427	0.7
0.6040108313236091	0.7724164994417697	0.7732115871624622	0.7715712278124184	0.7
0.6049624959669584	0.7732666361184796	0.774055920327087	0.7724167373636422	0.7
0.6059118735134242	0.774152645098247	0.7749514640129279	0.7732871329168597	0.7
0.6068589694594944	0.7749993972949902	0.7758211826224345	0.7741196137925374	0.7
0.607803789288445	0.7758456205623826	0.7766516973420502	0.7749725642104495	0.7
0.608746338470377	0.776676633941203	0.7774993874597255	0.7758136297020077	0.7
0.6096866224622424	0.7775995220247277	0.7783961307932536	0.7767570709166003	0.7
0.6106246467078815	0.7784604570556785	0.7792546711150703	0.777628039431626	0.7
0.6115604166380498	0.7793299137596325	0.7801287465823656	0.778502685874494	0.7
0.612493937670452	0.7802363088634421	0.781028298226293	0.7794057188410465	0.7
0.6134252152097726	0.7811039936730387	0.7818902722385032	0.7802731073610422	0.7
0.6143542546477067	0.7819341444745173	0.7827060661058608	0.7811052074418053	0.7
0.6152810613629927	0.7827381736802994	0.7835258702831556	0.7819116216883213	0.7
0.6162056407214423	0.7835258101033982	0.7843276520958781	0.7827083590807199	0.7
0.6171279980759704	0.7843777160072349	0.7851786676168262	0.7835819869289722	0.7
0.6180481387666296	0.7852682905752306	0.7860657510096084	0.7844679735688321	0.7
0.6189660681206371	0.7860319513165412	0.7868417122871135	0.7852375202566183	0.7
0.6198817914524091	0.7867995670816128	0.787579429241781	0.785975072409153	0.7
0.6207953140635886	0.7875426691182497	0.7883110382512698	0.7867322336553106	0.7
0.6217066412430776	0.7884159435427346	0.7891414809781531	0.7876082565048563	0.7
0.6226157782670677	0.7892713406026884	0.7899889670676778	0.7884823562063896	0.7
0.6235227303990704	0.7901570474724154	0.7908559567133625	0.7893366796663107	0.7
0.6244275028899475	0.7909655678052688	0.7916762520721544	0.790167625751594	0.7
0.6253301009779425	0.7917519059783805	0.792451824040326	0.7909601752813855	0.7
0.6262305298887086	0.7925382167360865	0.7932175407573941	0.7917479491948908	0.7
0.6271287948353416	0.7933402291248434	0.7940113734966479	0.7925535214071022	0.7
0.628024901018408	0.794123674061597	0.7948023791397938	0.7933415663554396	0.7
0.628918853625976	0.7948822515129034	0.795548675613226	0.794112573411595	0.7
0.6298106578336468	0.79566798943924	0.7963207631342581	0.7949115558225004	0.7
0.630700318804582	0.7964216148559567	0.7970667536978245	0.7956557202067557	0.7
0.6315878416895353	0.797207032805323	0.7978440573660299	0.7964535730809494	0.7
0.6324732316268806	0.7979138332325318	0.7985651769723136	0.7971488080782502	0.7
0.6333564937426458	0.7986515583944062	0.7992766103198453	0.7978998171063644	0.7
0.6342376331505368	0.7994092582458341	0.8000253234569907	0.7986780854756665	0.7
0.6351166549519706	0.8001499454002113	0.8007587146099743	0.7993928448828893	0.7
0.6359935642361058	0.8009323402267039	0.8015047595433059	0.8001679519865047	0.7
0.6368683660798683	0.801698565685119	0.8022622519171542	0.8009255088641088	0.7
0.6377410655479836	0.8024376295622702	0.8029965783655673	0.8016635145348894	0.7
0.638611667693006	0.8032258355401194	0.8037593566649629	0.8024517088890062	0.7
0.6394801775553469	0.8040106981550851	0.8045264825394255	0.8032427250063024	0.7
0.6403466001633031	0.8046953946558482	0.8052163687919288	0.8039416689858603	0.7
0.6412109405330889	0.8054370078227162	0.8059558795101421	0.8047081515495779	0.7
0.6420732036688624	0.8061599589239181	0.8066766075283691	0.8054358376867933	0.7
0.642933394562755	0.8068969998231857	0.8074173269948264	0.8061664205574588	0.7
0.6437915181949018	0.8076131584944827	0.8081165191034367	0.8068878030096461	0.7
0.6446475795334686	0.8083694089855827	0.8088606894488973	0.8076426930863744	0.7
0.6455015835346812	0.8090712627861226	0.8095752687120493	0.8083434660030744	0.7
0.6463535351428552	0.8098021452271709	0.810309448646064	0.8090726590380372	0.7
0.6472034392904226	0.8105621885169116	0.811065218711383	0.8098485100452099	0.7
0.6480513008979631	0.8113484854614	0.8118608762133153	0.8106425495452784	0.7
0.6488971248742293	0.8120526337528146	0.8125662291511192	0.8113522730746051	0.75
0.6497409161161768	0.812772183079991	0.8132820248848451	0.8120690262810396	0.75
0.6505826795089948	0.8135063079182825	0.8140185417638847	0.8128023137465505	0.75
0.6514224199261295	0.8142201301089205	0.8147285716477116	0.8135269734755578	0.75
0.6522601422293162	0.8149360892266909	0.8154454578792069	0.8142399186356993	0.75
0.6530958512686057	0.8156262374558816	0.8161494573688512	0.8149253003041932	0.75
0.6539295518823935	0.816316236842699	0.8168584198807668	0.8156254424058057	0.75
0.6547612488974467	0.8170376149809477	0.8175841249631279	0.8163571715190189	0.75
0.6555909471289321	0.817747861250204	0.818298398703091	0.8170840651797308	0.75
0.6564186513804456	0.8184616519639363	0.8190001215282877	0.8177968644175024	0.75
0.6572443664440382	0.8191650653831435	0.8197083073477776	0.8184927767699272	0.75
0.6580680971002432	0.81992846214671	0.8204858578866943	0.8192492475189519	0.75
0.658889848118107	0.8206319599098023	0.8211884832648949	0.8199609015198895	0.75
0.6597096242552135	0.8213670938685558	0.821907330109195	0.820712968790017	0.75
0.6605274302577124	0.8220310856448684	0.8225555259630106	0.8213731204438264	0.75
0.6613432708603496	0.8226708371395599	0.823200326178802	0.822010447116775	0.75
0.6621571507864895	0.8233356524367499	0.8238783942252377	0.8226702942539501	0.75
0.6629690747481459	0.8240215414867332	0.8245655239794252	0.8233490576796281	0.75
0.6637790474460095	0.8246760944932607	0.8252200601469467	0.8239871479786263	0.75
0.6645870735694719	0.825353265367346	0.8258778100551855	0.8246668367878602	0.75
0.6653931577966573	0.826039534654357	0.8265681910721016	0.8253470904597193	0.75
0.6661973047944448	0.8267160288460695	0.8272518715177984	0.8260361037748307	0.75
0.6669995192185	0.8273647004492443	0.8278907638296872	0.8267058353992885	0.75
0.6677998057132979	0.8279902090096467	0.8285233508865939	0.8273296861810092	0.75
0.6685981689121531	0.8287089459458749	0.8292215504247522	0.8280473668077699	0.75
0.669394613437244	0.829356807054927	0.8298794942496709	0.8286911163994017	0.75
0.6701891438996408	0.8300313937781455	0.8305434518800394	0.829354084340271	0.75
0.6709817648993325	0.8305976443111206	0.8311117314683024	0.8299219864883373	0.75
0.6717724810252536	0.831252330297201	0.8317691762456876	0.8305681705368934	0.75
0.6725612968553087	0.8318654399687203	0.8323899323434928	0.831174733812587	0.75
0.6733482169564025	0.8325309657722061	0.8330605059880513	0.8318239268622512	0.75
0.6741332458844629	0.8331879538889865	0.8337249718763409	0.8324692150213465	0.75
0.6749163881844692	0.833890219195491	0.8344411259045955	0.8331758744909598	0.75
0.6756976483904771	0.8345365409415422	0.8350742703000633	0.8338343131279842	0.75
0.6764770310256476	0.8351886686745293	0.8357248351686913	0.8345028514025353	0.75
0.6772545406022685	0.8358243654213187	0.8363587248774504	0.835141404389684	0.75
0.6780301816217871	0.836427784770368	0.8369660505007473	0.8357430981135233	0.75
0.6788039585748288	0.8370642809201382	0.8376140192813597	0.836390385242101	0.75
0.6795758759412304	0.837700319688979	0.8382568449805012	0.8370199491819694	0.75
0.6803459381900594	0.8383415292902319	0.8388978405413013	0.8376510963260492	0.75
0.6811141497796442	0.838982769426717	0.8395289768509279	0.8382927742450357	0.75
0.6818805151576	0.8395752012805181	0.8401252236238188	0.8388931597114822	0.75
0.6826450387608515	0.8401875907286778	0.8407391428505022	0.8395159600739296	0.75
0.6834077250156606	0.8408291796744921	0.841353809559147	0.8401676739923182	0.75
0.6841685783376518	0.8414684188811563	0.8420064151303788	0.8408031321642325	0.75
0.6849276031318391	0.8421132810002453	0.8426572103983869	0.8414688283393649	0.75
0.685684803792647	0.8427095980661836	0.8432360912017103	0.8420653472852464	0.75
0.6864401847039423	0.8433011194928264	0.843822944793593	0.8426579175568646	0.75
0.6871937502390553	0.8438288104280691	0.8443547539066484	0.8431835940806297	0.8
0.6879455047608043	0.8444441425321267	0.8449818124785249	0.8437892083937931	0.8
0.6886954526215248	0.8450479862846871	0.845589527557506	0.8443850603940031	0.8
0.6894435981630912	0.8456067649512884	0.846142129037483	0.8449535502929627	0.8
0.6901899457169445	0.8461722394102207	0.8467218464943475	0.8455226579007427	0.8
0.6909344996041145	0.846760047229194	0.8473071648294815	0.8461163269965166	0.85
0.6916772641352474	0.8473547501793857	0.8478952374662432	0.8467105698033174	0.85
0.6924182436106304	0.8479323395979845	0.8484770814004582	0.8472806956475555	0.85
0.6931574423202153	0.8485155766662688	0.8490471354448904	0.8478699965376654	0.85
0.6938948645436427	0.8490964453311041	0.8496246087452725	0.8484287314450981	0.85
0.6946305145502709	0.8496553215868328	0.8501696107851526	0.8489955326953877	0.85
0.6953643965991958	0.8502337842069888	0.8507533956413514	0.8495724860599082	0.85
0.6960965149392778	0.8508248360909081	0.8513239721780955	0.8501489503804863	0.85
0.6968268738091671	0.8513644007664475	0.8518362501020502	0.8507017014016518	0.85
0.6975554774373266	0.8519062818786465	0.852373042540971	0.8512447709465989	0.85
0.6982823300420569	0.8524523635431427	0.8529054745186413	0.8517927424125454	0.85
0.699007435831522	0.8530161710131156	0.8534659963709327	0.85235246485584	0.85
0.6997307990037718	0.8535729402153167	0.8540314772284102	0.8529068614820436	0.85
